51653253927696	2
51653256014232	1
51653256405000	1
51653256750192	1
51653257091268	1
51653257437804	1
51653257861260	1
51653258207856	1
51653258545560	2
51653258852844	1
51653259176280	1
51653259516072	1
51653259840024	1
51653260156320	1
51653260472064	1
51653260785984	1
51653261100672	1
51653261415660	1
51653261730156	1
51653262044304	1
51653262358284	1
51653262672180	1
51653262985776	1
51653263300476	1
51653263615140	1
51653264039196	1
51653264414652	1
51653264817924	1
51653265193008	1
51653265594804	1
51653265926376	1
51653266297908	1
51653266626924	1
51653266997952	1
51653267327088	1
51653267696952	1
51653268025164	1
51653268353052	1
51653268713376	1
51653269072008	1
51653269430952	1
51653269789224	1
51653270147172	1
51653270505636	1
51653273469936	1
51653273906916	1
51653274315132	1
51653274716304	1
51653275129632	1
51653275606932	1
51653276010732	1
51653276412132	1
51653276809344	1
51653277214932	1
51653277616056	1
51653278017288	1
51653278421556	1
51653278825956	1
51653279217336	1
51653279625072	1
51653280029832	1
51653280432804	1
51653280840132	1
51653281245336	1
51653281647288	1
51653282042856	1
51653282436588	1
51653282864376	1
51653283259248	1
51653283651216	1
51653284053000	1
51653284453056	1
51653284851060	1
51653285242788	1
51653285656296	1
51653286115776	1
51653286510360	1
51653286908628	1
51653287306212	1
51653287709160	1
51653288103804	1
51653288517960	1
51653288925072	1
51653289258360	1
51653289653916	1
51653289987000	1
51653290390872	1
51653290723704	1
51653291100984	1
51653291431008	1
51653291803128	1
51653292133164	1
51653292460824	1
51653292831516	1
51653293160808	1
51653293530084	1
51653293859184	1
51653294227956	1
51653294556408	1
51653294914824	1
51653295275196	1
51653295632280	1
51653296000812	1
51653296360488	1
51653296717476	1
51653297073456	1
51653297430360	1
51653297787132	1
51653298143520	1
51653298499584	1
51653298857520	1
51653299213728	1
51653299570284	1
51653299927680	1
51653300285472	1
51653300642568	1
51653300999808	1
51653301356628	1
51653301714216	1
51653302072344	1
51653302431084	1
51653302788288	1
51653303144376	1
51653303500284	1
51653303856384	1
51653304212952	1
51653304571020	1
51653304928920	1
51653305303344	1
51653305664076	1
51653306021496	1
51653306378124	1
51653306736108	1
51653307093672	1
51653307448932	1
51653307806604	1
51653308163652	1
51653308578588	1
51653308974348	1
51653309300376	1
51653309625600	1
51653309950680	1
51653310275880	1
51653310600648	1
51653310926448	1
51653311251648	1
51653311576956	1
51653311902588	1
51653312227608	1
51653312553600	1
51653312879124	1
51653313204804	1
51653313530148	1
51653313854952	1
51653314180824	1
51653314505892	1
51653314877100	1
51653315207868	1
51653315556696	1
51653315900988	1
51653316244476	1
51653316586476	1
51653316930564	1
51653317274964	1
51653317619136	1
51653317962696	1
51653318305956	1
51653318648544	1
51653318991600	1
51653319335028	1
51653319678576	1
51653320021836	1
51653320365048	1
51653320709532	1
51653321053440	1
51653321407404	1
51653321753004	1
51653322096000	1
51653322439260	1
51653322782316	1
51653323124700	1
51653323468008	1
51653323811568	1
51653324155056	1
51653324498388	1
51653324841696	1
51653325184176	1
51653325526332	1
51653325868332	1
51653326211100	1
51653326554156	1
51653326895448	1
51653327237460	1
51653327580924	1
51653327934420	1
51653328279576	1
51653328622920	1
51653328965412	1
51653329308060	1
51653329650336	1
51653329992864	1
51653330335476	1
51653330678592	1
51653331021360	1
51653331363996	1
51653331706380	1
51653332048224	1
51653332390992	1
51653332733724	1
51653333078064	1
51653333421276	1
51653333765748	1
51653334117960	1
51653334461136	1
51653334804624	1
51653335146024	1
51653335488720	1
51653335832892	1
51653336176008	1
51653336518764	1
51653336860932	1
51653337203928	1
51653337546228	1
51653337888792	1
51653338231932	1
51653338574604	1
51653338917468	1
51653339325624	1
51653339671404	1
51653340014616	1
51653340356796	1
51653340710052	1
51653341054668	1
51653341397736	1
51653341741488	1
51653342084040	1
51653342426976	1
51653342879532	2
51653343181776	1
51653343532656	1
51653343877428	1
51653344452084	1
51653344797960	1
51653345144136	1
51653345489076	1
51653345833500	1
51653346179352	1
51653346524832	1
51653346879948	1
51653347225056	1
51653347568568	1
51653347911516	1
51653348254980	1
51653348598492	1
51653348942796	1
51653349286956	1
51653349629508	1
51653349971976	1
51653350315728	1
51653350658904	1
51653351001324	1
51653351343960	1
51653351687484	1
51653352030744	1
51653352373608	1
51653352716544	1
51653353060440	1
51653353413612	1
51653353757916	1
51653354101020	1
51653354443764	1
51653354786772	1
51653355128988	1
51653355472020	1
51653355815832	1
51653356157640	1
51653356501164	1
51653356844880	1
51653357187468	1
51653357530044	1
51653357872956	1
51653358215196	1
51653358558516	1
51653358902268	1
51653359244712	1
51653359588020	1
51653360039784	1
51653360366208	1
51653360691300	1
51653361016440	1
51653361341460	1
51653361666492	1
51653362094544	2
51653362205016	2
51653362448904	1
51653362808964	1
51653363137680	1
51653363464500	1
51653363790852	1
51653364117468	1
51653364444432	1
51653364772296	1
51653365097964	1
51653365424292	1
51653365751700	1
51653366088408	1
51653366416848	1
51653366744628	1
51653367071232	1
51653367397152	1
51653367721920	1
51653368047720	1
51653368373088	1
51653368699380	1
51653369025336	1
51653369351376	1
51653369676660	1
51653370002520	1
51653370329160	1
51653370655020	1
51653370981480	1
51653371307484	1
51653371633848	1
51653371959840	1
51653372285064	1
51653372619900	1
51653372947584	1
51653373350304	1
51653373678924	1
51653374005060	1
51653374332396	1
51653374658880	1
51653374985208	1
51653375310936	1
51653375637084	1
51653375962800	1
51653376289056	1
51653376614808	1
51653376941112	1
51653377267272	1
51653377593744	1
51653377920888	1
51653378247000	1
51653378572992	1
51653378907360	1
51653379235620	1
51653379562164	1
51653379888948	1
51653380215324	1
51653380541976	1
51653380867860	1
51653381193924	1
51653381520228	1
51653381846460	1
51653382172224	1
51653382498660	1
51653382824184	1
51653383150116	1
51653383475604	1
51653383801620	1
51653384127144	1
51653384452572	1
51653384778660	1
51653385105468	1
51653385432372	1
51653385759552	1
51653386086132	1
51653386411944	1
51653386737792	1
51653387064192	1
51653387390016	1
51653387715756	1
51653388041772	1
51653388367068	1
51653388692604	1
51653389018764	1
51653389344000	1
51653389669284	1
51653389995132	1
51653390320968	1
51653390646852	1
51653390972796	1
51653391299040	1
51653391635340	1
51653391963312	1
51653392289580	1
51653392615872	1
51653392942164	1
51653393267988	1
51653393594472	1
51653393919840	1
51653394245364	1
51653394571524	1
51653394896892	1
51653395293972	2
51653395395276	2
51653395446360	2
51653395510524	2
51653395863372	1
51653396219652	1
51653396546148	1
51653396872176	1
51653397198300	1
51653397524232	1
51653397849684	1
51653398179324	1
51653398506816	1
51653398833360	1
51653399159160	1
51653399484900	1
51653399811552	1
51653400137064	1
51653400462384	1
51653400786552	1
51653401112424	1
51653401438692	1
51653401764444	1
51653402090160	1
51653402416716	1
51653402742756	1
51653403068556	1
51653403394632	1
51653403719652	1
51653404045176	1
51653404379940	1
51653404707864	1
51653405034252	1
51653405359920	1
51653405683812	1
51653406009528	1
51653406335832	1
51653406660804	1
51653406986376	1
51653407384776	1
51653407713888	1
51653408040792	1
51653408366556	1
51653408692248	1
51653409018012	1
51653409343776	1
51653409669216	1
51653409995256	1
51653410320636	1
51653410645932	1
51653411044260	1
51653411370924	1
51653411696640	1
51653412022296	1
51653412348744	1
51653412710532	1
51653413125648	2
51653413211076	2
51653413602456	2
51653413886460	1
51653414247468	1
51653414575368	1
51653414902116	1
51653415229788	1
51653415557244	1
51653415883704	1
51653416209984	1
51653416537140	1
51653416864656	1
51653417203392	1
51653417532912	1
51653417860908	1
51653418188364	1
51653418514524	1
51653418841764	1
51653419167312	1
51653419493532	1
51653419819380	1
51653420144976	1
51653420470980	1
51653420796708	1
51653421122772	1
51653421448260	1
51653421773592	1
51653422100160	1
51653422426128	1
51653422951512	1
51653423283012	1
51653423923128	1
51653424252720	1
51653424578460	1
51653424905424	1
51653425231644	1
51653425558044	1
51653425884288	1
51653426210400	1
51653426537472	1
51653426863284	1
51653427189456	1
51653427516336	1
51653427841788	1
51653428168476	1
51653428495080	1
51653428822212	1
51653429148624	1
51653429473860	1
51653429799660	1
51653430172500	1
51653430497532	1
51653430821844	1
51653431145772	1
51653431966536	1
51653432312664	1
51653432650176	1
51653432978004	1
51653433304200	1
51653433630780	1
51653433956460	1
51653434282752	1
51653434610004	1
51653434935480	1
51653435262348	1
51653435588196	1
51653435916012	1
51653436254196	1
51653436582564	1
51653436910308	1
51653437238064	1
51653437564044	1
51653437889412	1
51653438216220	1
51653438542308	1
51653438867208	1
51653439193428	1
51653439519876	1
51653439846372	1
51653440172580	1
51653440499292	1
51653440825188	1
51653441152620	1
51653441483028	1
51653441809824	1
51653442136104	1
51653442462324	1
51653442798816	1
51653443127652	1
51653443454004	1
51653443780068	1
51653444106516	1
51653444432328	1
51653444759028	1
51653445085320	1
51653445412476	1
51653445738120	1
51653446064400	1
51653446392000	1
51653446718040	1
51653447043768	1
51653447369508	1
51653447749896	1
51653448082008	1
51653448412620	1
51653448738972	1
51653449073292	1
51653449401048	1
51653449726056	1
51653450050500	1
51653450375016	1
51653450699856	1
51653451024600	1
51653451350328	1
51653451676164	1
51653451999588	1
51653452323336	1
51653452648080	1
51653452973436	1
51653453298624	1
51653453624052	1
51653453948964	1
51653454273600	1
51653454598860	1
51653454924780	1
51653455249464	1
51653455584012	1
51653455911012	1
51653456236596	1
51653456562312	1
51653456887524	1
51653457212304	1
51653457538044	1
51653457863880	1
51653458189488	1
51653458514508	1
51653458839072	1
51653459164164	1
51653459489328	1
51653459887320	2
51653460181272	1
51653460548604	1
51653460875040	1
51653461200876	1
51653461527612	1
51653461862760	1
51653462190432	1
51653462515692	1
51653462840220	1
51653463165492	1
51653463490644	1
51653463815484	1
51653464140852	1
51653464465776	1
51653464791000	1
51653465116176	1
51653465441076	1
51653465766156	1
51653466092580	1
51653466418308	1
51653466743520	1
51653467068936	1
51653467394412	1
51653467719360	1
51653468044248	1
51653468378736	1
51653468706468	1
51653469031860	1
51653469356712	1
51653469681672	1
51653470007028	1
51653470332816	1
51653470657464	1
51653470983120	1
51653471308128	1
51653471633040	1
51653471958312	1
51653472283968	1
51653472609456	1
51653472934080	1
51653473259088	1
51653473584432	1
51653473909104	1
51653474234232	1
51653474567292	1
51653474894172	1
51653475219960	1
51653475548268	1
51653475873708	1
51653476198968	1
51653476524384	1
51653476850100	1
51653477175228	1
51653477500500	1
51653477825568	1
51653478150252	1
51653478475464	1
51653478800832	1
51653479125972	1
51653479451568	1
51653479777080	1
51653480104008	1
51653480433468	1
51653480760000	1
51653481095856	1
51653481424776	1
51653481751104	1
51653482076832	1
51653482402848	1
51653482727976	1
51653483053596	1
51653483379168	1
51653483703228	1
51653484029100	1
51653484354708	1
51653484680700	1
51653485005864	1
51653485331688	1
51653485657236	1
51653485983012	1
51653486312460	1
51653486642124	1
51653486968428	1
51653487331848	1
51653487658200	1
51653487984444	1
51653488309728	1
51653488635516	1
51653488960980	1
51653489287284	1
51653489613480	1
51653489939256	1
51653490264744	1
51653490590736	1
51653490915960	1
51653491241232	1
51653491565988	1
51653491891212	1
51653492216544	1
51653492542044	1
51653492915328	1
51653493249936	1
51653493577848	1
51653493913980	1
51653494241448	1
51653494567248	1
51653494891416	1
51653495217096	1
51653495541696	1
51653495864904	1
51653496189744	1
51653496514872	1
51653496840264	1
51653497165572	1
51653497491684	1
51653497817688	1
51653498143188	1
51653498468496	1
51653498794224	1
51653499120012	1
51653499445704	1
51653499770616	1
51653500105056	1
51653500432464	1
51653500758504	1
51653501084496	1
51653501410332	1
51653501736360	1
51653502062220	1
51653502387780	1
51653502713868	1
51653503039512	1
51653503546680	1
51653503875600	1
51653504200620	1
51653504525712	1
51653504850972	1
51653505176688	1
51653505502008	1
51653505827748	1
51653506154292	1
51653506491744	1
51653506820736	1
51653507147664	1
51653507473332	1
51653507799744	1
51653508125340	1
51653508450972	1
51653508776364	1
51653509101792	1
51653509500024	1
51653509829796	1
51653510157000	1
51653510484216	1
51653510810664	1
51653511136440	1
51653511462528	1
51653511788496	1
51653512114452	1
51653512441164	1
51653512765920	1
51653513093928	1
51653513420352	1
51653513746188	1
51653514072012	1
51653514398820	1
51653514725832	1
51653515051704	1
51653515377756	1
51653515703664	1
51653516029776	1
51653516355936	1
51653516681916	1
51653517006924	1
51653517409776	2
51653517480276	2
51653517533112	2
51653517583500	2
51653517680232	2
51653518041348	1
51653518372200	1
51653518700568	1
51653519026596	1
51653519354556	1
51653519680884	1
51653520008028	1
51653520333756	1
51653520659232	1
51653520986064	1
51653521311828	1
51653521637196	1
51653521963800	1
51653522289600	1
51653522615496	1
51653522941248	1
51653523266724	1
51653523593112	1
51653523918996	1
51653524244136	1
51653524568880	1
51653524893624	1
51653525218428	1
51653525542920	1
51653525870928	1
51653526230016	1
51653526576324	1
51653526920688	1
51653527262052	1
51653527604148	1
51653527946160	1
51653528288520	1
51653528630748	1
51653528971764	1
51653529326292	1
51653529671076	1
51653530013820	1
51653530355928	1
51653530699452	1
51653531041584	1
51653531384196	1
51653531725860	1
51653532079176	1
51653532434988	1
51653532780420	1
51653533124400	1
51653533467144	1
51653533808628	1
51653534221248	2
51653534292252	2
51653534345400	2
51653534407800	2
51653534492508	2
51653534555052	2
51653534579592	2
51653534637732	2
51653534741424	2
51653535019260	1
51653535375888	1
51653535725388	1
51653536070556	1
51653536413564	1
51653536755996	1
51653537099304	1
51653537442312	1
51653537785764	1
51653538140460	1
51653538495228	1
51653538840288	1
51653539183452	1
51653539526316	1
51653539868628	1
51653540211720	1
51653540554032	1
51653540896080	1
51653541252348	1
51653541598056	1
51653541941436	1
51653542282944	1
51653542626468	1
51653542968552	1
51653543310912	1
51653543651772	1
51653543997672	1
51653544352980	1
51653544698364	1
51653545027320	1
51653545373172	1
51653545717056	1
51653546059848	1
51653546402640	1
51653546745156	1
51653547087732	1
51653547441912	1
51653547785748	1
51653548129716	1
51653548472388	1
51653548814964	1
51653549157120	1
51653549499900	1
51653549842404	1
51653550184824	1
51653550540276	1
51653550884928	1
51653551239000	1
51653551584228	1
51653551927056	1
51653552270652	1
51653552614200	1
51653552956764	1
51653553300576	1
51653553655428	1
51653554000368	1
51653554344120	1
51653554686792	1
51653555028756	1
51653555371104	1
51653555714952	1
51653556058560	1
51653556401316	1
51653556755472	1
51653557099944	1
51653557442088	1
51653557789236	1
51653558133324	1
51653558475480	1
51653558819340	1
51653559162192	1
51653559504996	1
51653559852084	1
51653560196736	1
51653560540548	1
51653560884144	1
51653561227044	1
51653561570880	1
51653561912268	1
51653562254784	1
51653562597648	1
51653562953340	1
51653563297428	1
51653563640352	1
51653563995012	1
51653564340576	1
51653564684448	1
51653565026928	1
51653565369288	1
51653565711108	1
51653566065108	1
51653566409220	1
51653566753116	1
51653567096160	1
51653567438808	1
51653567782308	1
51653568124884	1
51653568468540	1
51653568811656	1
51653569166496	1
51653569560756	1
51653569971228	1
51653570339316	1
51653570697624	1
51653571052212	1
51653571409356	1
51653571765456	1
51653572121184	1
51653572476540	1
51653572831824	1
51653573187504	1
51653573545092	1
51653573901960	1
51653574257616	1
51653574613920	1
51653574971136	1
51653575327884	1
51653575683684	1
51653576057856	1
51653576432964	1
51653576819568	1
51653577149340	1
51653577523056	1
51653577854544	1
51653578222476	1
51653578551036	1
51653578921380	1
51653579248968	1
51653579619360	1
51653579947680	1
51653580274872	1
51653580643584	1
51653580972768	1
51653581341816	1
51653581670556	1
51653582029944	1
51653582387772	1
51653582902044	1
51653583269952	1
51653583629484	1
51653583985500	1
51653584342236	1
51653584699092	1
51653585056392	1
51653585414808	1
51653585771856	1
51653586129360	1
51653586514236	1
51653586880200	1
51653587237440	1
51653587593528	1
51653587950048	1
51653588306844	1
51653588663148	1
51653589018360	1
51653589374712	1
51653589735828	1
51653590094028	1
51653590464468	1
51653590832640	1
51653591199744	1
51653591528868	1
51653591951304	2
51653592034044	2
51653592281484	1
51653592722904	2
51653592812328	2
51653592891348	2
51653592983952	2
51653593030104	2
51653593319028	1
51653593681092	1
51653594039784	1
51653594397312	1
51653594752188	1
51653595108744	1
51653595465192	1
51653595937008	1
51653596266948	1
51653596592256	1
51653596917504	1
51653597242824	1
51653597567328	1
51653597892504	1
51653598217872	1
51653598542664	1
51653598867876	1
51653599192572	1
51653599517868	1
51653599843356	1
51653600168544	1
51653600493480	1
51653600817912	1
51653601142524	1
51653601467808	1
51653601792732	1
51653602118124	1
51653602444548	1
51653602769652	1
51653603094144	1
51653603419188	1
51653603744052	1
51653604069384	1
51653604395052	1
51653604719796	1
51653605043676	1
51653605368696	1
51653605794096	2
51653605864308	2
51653605921980	2
51653605959036	2
51653605974900	2
51653606053008	2
51653606058876	2
51653606172960	2
51653606208168	2
51653606269776	2
51653606324232	2
51653606343612	2
51653606384040	2
51653606422980	2
51653606496264	2
51653606536500	2
51653606576388	2
51653606640660	2
51653606668392	2
51653606727732	2
51653606578524	2
51653606766180	2
51653606792940	2
51653606644440	2
51653606839380	2
51653606871108	2
51653606915880	2
51653606954724	2
51653606961804	2
51653606995296	2
51653607037272	2
51653607064296	2
51653607074580	2
51653607100632	2
51653607144852	2
51653607184020	2
51653607209664	2
51653607246660	2
51653607267456	2
51653607303036	2
51653607312792	2
51653607343212	2
51653607379860	2
51653607491688	2
51653607545112	2
51653607387060	2
51653607603960	2
51653607413076	2
51653606209296	2
51653607456708	2
51653607830016	2
51653607874200	2
51653607546912	2
51653607434328	2
51653607723372	2
51653607967908	2
51653608107384	2
51653608161000	2
51653608178016	2
51653608199412	2
51653608215360	2
51653608696092	2
51653608729332	2
51653608758132	2
51653608249452	2
51653608258056	2
51653608272192	2
51653608908264	2
51653608916892	2
51653608234980	2
51653608984056	2
51653609045712	2
51653609061516	2
51653608275120	2
51653609133720	2
51653609150424	2
51653609175408	2
51653609183676	2
51653609212200	2
51653609280240	2
51653609213220	2
51653609335332	2
51653609309544	2
51653609412552	2
51653609453184	2
51653609503392	2
51653609538408	2
51653609477496	2
51653609616384	2
51653609633268	2
51653609652672	2
51653609669268	2
51653609732364	2
51653609740380	2
51653609794680	2
51653609836488	2
51653609861124	2
51653609862372	2
51653610200640	2
51653610271368	2
51653609938368	2
51653610361668	2
51653610420756	2
51653609910228	2
51653610528444	2
51653609965632	2
51653610566868	2
51653610611832	2
51653609968800	2
51653610649668	2
51653609988900	2
51653610780240	2
51653610848196	2
51653610892752	2
51653610910584	2
51653610933324	2
51653610946176	2
51653610701832	2
51653610998832	2
51653611034592	2
51653611100076	2
51653611129512	2
51653611186944	2
51653611229088	2
51653611273200	2
51653611297656	2
51653611272564	2
51653611395840	2
51653611459692	2
51653611537488	2
51653611580112	2
51653611616184	2
51653611681512	2
51653611433448	2
51653611728624	2
51653611788624	2
51653611369692	2
51653611839576	2
51653611877208	2
51653611943664	2
51653611962792	2
51653612050284	2
51653612091552	2
51653612120832	2
51653612156700	2
51653612094708	2
51653612217876	2
51653612240628	2
51653611984500	2
51653612275872	2
51653612339688	2
51653612379684	2
51653612403384	2
51653612459724	2
51653612501772	2
51653612509800	2
51653612540676	2
51653612606112	2
51653612541984	2
51653612665980	2
51653612736672	2
51653612640684	2
51653612771844	2
51653612799600	2
51653612837232	2
51653612865444	2
51653612841312	2
51653612951160	2
51653613013656	2
51653613044532	2
51653613113772	2
51653613122568	2
51653613415188	2
51653613455256	2
51653613167448	2
51653613506520	2
51653613560388	2
51653613193644	2
51653613637680	2
51653613348072	2
51653613677988	2
51653613019956	2
51653613747288	2
51653613793764	2
51653613820824	2
51653613963756	2
51653613797004	2
51653614018752	2
51653613894312	2
51653614135296	2
51653614228152	2
51653613916524	2
51653614370664	2
51653613928260	2
51653613905568	2
51653614376652	2
51653614512972	2
51653614541124	2
51653614578528	2
51653614670880	2
51653614705548	2
51653614774548	2
51653614785708	2
51653614814928	2
51653614708728	2
51653614518420	2
51653614816812	2
51653614936992	2
51653614943244	2
51653615054940	2
51653615089260	2
51653615117016	2
51653615125800	2
51653615154864	2
51653615179332	2
51653615262276	2
51653615188572	2
51653615372700	2
51653615385312	2
51653615412912	2
51653615493684	2
51653615515176	2
51653615237964	2
51653615552280	2
51653615415120	2
51653615671128	2
51653615744856	2
51653615645832	2
51653615781792	2
51653615801796	2
51653615818008	2
51653615836752	2
51653615873316	2
51653615900676	2
51653615937468	2
51653615964624	2
51653616000756	2
51653616020844	2
51653616057504	2
51653616082068	2
51653616118056	2
51653616138132	2
51653616173676	2
51653616203148	2
51653616238980	2
51653616257484	2
51653616292404	2
51653616317268	2
51653616353928	2
51653616373428	2
51653616408840	2
51653616438624	2
51653616475368	2
51653616493788	2
51653616528972	2
51653616555900	2
51653616591984	2
51653616610716	2
51653616644604	2
51653616678600	2
51653616715140	2
51653616727872	2
51653616765324	2
51653616793668	2
51653616829488	2
51653616845412	2
51653616878448	2
51653616917640	2
51653616955236	2
51653616982140	2
51653617057128	2
51653616956832	2
51653617112184	2
51653617125660	2
51653617152720	2
51653617158084	2
51653617284924	2
51653617477872	2
51653617297740	2
51653617538712	2
51653617348992	2
51653617621044	2
51653617353912	2
51653617700184	2
51653617710516	2
51653617372320	2
51653617777116	2
51653617373604	2
51653617832880	2
51653617871712	2
51653617404792	2
51653617937076	2
51653617942524	2
51653618015748	2
51653618042448	2
51653618116044	2
51653618018136	2
51653618210808	2
51653618290284	2
51653618316240	2
51653618353968	2
51653618371008	2
51653618392272	2
51653618449320	2
51653618487060	2
51653618572368	2
51653618600484	2
51653618638512	2
51653618576700	2
51653618707524	2
51653618712504	2
51653618770104	2
51653618804640	2
51653618253324	2
51653619157008	2
51653618857824	2
51653619251904	2
51653619300348	2
51653618867544	2
51653619406128	2
51653619450432	2
51653618888604	2
51653619541644	2
51653618881992	2
51653619582492	2
51653619639540	2
51653619679860	2
51653618910840	2
51653618931444	2
51653619986844	2
51653619744384	2
51653619792816	2
51653619803952	2
51653619818064	2
51653619825612	2
51653619847320	2
51653620182984	2
51653620225644	2
51653620259628	2
51653620289424	2
51653620293156	2
51653620400832	2
51653620481568	2
51653620507536	2
51653620523076	2
51653620546656	2
51653620556952	2
51653620406856	2
51653620586232	2
51653619840564	2
51653620623624	2
51653620766100	2
51653620827192	2
51653620850856	2
51653620875684	2
51653620892508	2
51653620912392	2
51653620926396	2
51653620977264	2
51653621047788	2
51653621101548	2
51653621127312	2
51653621142252	2
51653621177184	2
51653621192496	2
51653621217276	2
51653621223552	2
51653621252508	2
51653621402772	2
51653621451432	2
51653621517792	2
51653621549556	2
51653621524332	2
51653621634420	2
51653621645904	2
51653621674344	2
51653621701752	2
51653621904252	2
51653621678052	2
51653621946660	2
51653621775960	2
51653621254428	2
51653622171132	2
51653622180588	2
51653621831340	2
51653622299856	2
51653622342204	2
51653621876496	2
51653622425712	2
51653622475740	2
51653622304752	2
51653621854476	2
51653622561876	2
51653622651528	2
51653622676212	2
51653622590208	2
51653622727884	2
51653622765024	2
51653622779292	2
51653622813324	2
51653621855808	2
51653622611964	2
51653622945780	2
51653623021188	2
51653622902532	2
51653623062648	2
51653622925644	2
51653623115196	2
51653622884256	2
51653623152204	2
51653623228956	2
51653623247472	2
51653623463112	2
51653623506240	2
51653623269324	2
51653623547136	2
51653623335036	2
51653623582440	2
51653623367664	2
51653623621200	2
51653623699788	2
51653623727640	2
51653623792308	2
51653623820184	2
51653623829208	2
51653623397136	2
51653623858872	2
51653623893816	2
51653623958736	2
51653623987620	2
51653624106192	2
51653624101668	2
51653624153556	2
51653624214972	2
51653624235408	2
51653624253888	2
51653624271540	2
51653624154960	2
51653623961892	2
51653624355708	2
51653624380152	2
51653624389116	2
51653624445108	2
51653624449536	2
51653624501892	2
51653624554788	2
51653624960160	2
51653624558136	2
51653625026832	2
51653624607768	2
51653625096792	2
51653624602524	2
51653624631264	2
51653625215208	2
51653625259284	2
51653624635140	2
51653625329388	2
51653625390780	2
51653625303888	2
51653625428424	2
51653625438804	2
51653625568308	2
51653625591864	2
51653625609852	2
51653625628476	2
51653625674364	2
51653625697908	2
51653625712428	2
51653625735060	2
51653625030348	2
51653625815256	2
51653625842508	2
51653625911508	2
51653625818460	2
51653625947148	2
51653625981972	2
51653626004436	2
51653626041012	2
51653626069248	2
51653626106364	2
51653626117788	2
51653626153032	2
51653626185372	2
51653626221900	2
51653626226736	2
51653626267020	2
51653626310508	2
51653626342404	2
51653626347876	2
51653626384824	2
51653626426512	2
51653626489584	2
51653626532832	2
51653626571256	2
51653626580064	2
51653626613076	2
51653626639272	2
51653626650372	2
51653626676736	2
51653626721856	2
51653626780752	2
51653626810212	2
51653626890720	2
51653626913712	2
51653626786620	2
51653626953240	2
51653627013900	2
51653627180364	2
51653627021244	2
51653627083800	2
51653627109192	2
51653627092644	2
51653627114616	2
51653627134728	2
51653627495952	2
51653627562660	2
51653627571840	2
51653627602164	2
51653627131800	2
51653627683200	2
51653627913948	2
51653627158200	2
51653627603208	2
51653628003132	2
51653628043764	2
51653628069660	2
51653628145404	2
51653628157836	2
51653628045600	2
51653628209700	2
51653628246120	2
51653628185268	2
51653628317352	2
51653628342828	2
51653628348852	2
51653628383664	2
51653628437436	2
51653628452316	2
51653628459996	2
51653628472104	2
51653628477840	2
51653628510288	2
51653628556500	2
51653628574500	2
51653628590928	2
51653628606276	2
51653628647316	2
51653628662412	2
51653628671736	2
51653628684972	2
51653628705876	2
51653628722868	2
51653628770640	2
51653628788700	2
51653628804816	2
51653628835548	2
51653628887040	2
51653628907488	2
51653628923448	2
51653628939708	2
51653628959472	2
51653628980040	2
51653628999372	2
51653629022976	2
51653629039188	2
51653629054440	2
51653629110372	2
51653629130772	2
51653629146204	2
51653629161456	2
51653629180308	2
51653629199940	2
51653629223748	2
51653629245792	2
51653629261776	2
51653629277136	2
51653629332372	2
51653629352604	2
51653629368192	2
51653629383492	2
51653629401672	2
51653629421544	2
51653629447392	2
51653629468872	2
51653629484724	2
51653629500120	2
51653629555488	2
51653629575564	2
51653629591428	2
51653629606872	2
51653629624560	2
51653629644036	2
51653629670652	2
51653629691652	2
51653629707612	2
51653629722780	2
51653629778208	2
51653629798212	2
51653629813740	2
51653629829136	2
51653629847400	2
51653629867524	2
51653629893384	2
51653629915200	2
51653629931052	2
51653629946868	2
51653630001348	2
51653630021568	2
51653630037456	2
51653630052852	2
51653630070684	2
51653630090904	2
51653630116908	2
51653630138520	2
51653630154072	2
51653630168988	2
51653630223720	2
51653630243952	2
51653630259624	2
51653630275092	2
51653630291556	2
51653630312616	2
51653630341356	2
51653630362332	2
51653630378364	2
51653630395440	2
51653630447868	2
51653630468076	2
51653630483700	2
51653630498988	2
51653630515752	2
51653630535588	2
51653630565132	2
51653630585520	2
51653630601624	2
51653630617308	2
51653630670252	2
51653630690688	2
51653630706516	2
51653630721984	2
51653630738604	2
51653630759412	2
51653630787672	2
51653630809128	2
51653630824992	2
51653630842416	2
51653630894448	2
51653630914908	2
51653630930988	2
51653630946336	2
51653630964072	2
51653630984412	2
51653631007980	2
51653631100860	2
51653631125052	2
51653631140940	2
51653631127044	2
51653631166236	2
51653631199296	2
51653631238476	2
51653631261228	2
51653631202584	2
51653631298332	2
51653631318816	2
51653631351444	2
51653631367560	2
51653631387804	2
51653631404604	2
51653631437868	2
51653631475704	2
51653631515064	2
51653631530496	2
51653631518148	2
51653631588876	2
51653631608760	2
51653631627048	2
51653631643164	2
51653631666156	2
51653631701004	2
51653631738384	2
51653631775248	2
51653631781836	2
51653631802296	2
51653631820068	2
51653631849996	2
51653631872028	2
51653631703884	2
51653631872424	2
51653631930768	2
51653631951900	2
51653631972600	2
51653632005348	2
51653632023492	2
51653632039020	2
51653632054248	2
51653632119384	2
51653632128252	2
51653632142184	2
51653632149300	2
51653632167072	2
51653632186812	2
51653632224768	2
51653632242744	2
51653632258272	2
51653632273020	2
51653632326384	2
51653632346592	2
51653632381620	2
51653632347900	2
51653632402896	2
51653632423812	2
51653632447116	2
51653632466592	2
51653632482312	2
51653632497276	2
51653632557744	2
51653632578360	2
51653632594308	2
51653632613892	2
51653632633944	2
51653632657716	2
51653632679748	2
51653632695600	2
51653632710720	2
51653632726728	2
51653632779516	2
51653632799376	2
51653632815024	2
51653632831668	2
51653632853160	2
51653632886364	2
51653632907052	2
51653632922592	2
51653632937568	2
51653632954980	2
51653633001180	2
51653633021700	2
51653633037372	2
51653633052996	2
51653633071836	2
51653633111832	2
51653633132136	2
51653633147604	2
51653633162460	2
51653633180700	2
51653633224992	2
51653633245500	2
51653633261112	2
51653633276424	2
51653633294616	2
51653633334960	2
51653633355636	2
51653633370984	2
51653633385792	2
51653633404080	2
51653633448684	2
51653633469108	2
51653633484804	2
51653633500236	2
51653633520312	2
51653633560656	2
51653633581128	2
51653633596332	2
51653633611776	2
51653633631456	2
51653633672172	2
51653633692740	2
51653633708556	2
51653633724168	2
51653633743428	2
51653633783964	2
51653633804448	2
51653633820012	2
51653633835552	2
51653633855184	2
51653633895996	2
51653633916504	2
51653633932320	2
51653633947992	2
51653633966856	2
51653634008844	2
51653634026880	2
51653634042912	2
51653634057936	2
51653634076380	2
51653634128664	2
51653634148788	2
51653634152928	2
51653634169092	2
51653634171492	2
51653634193188	2
51653634213852	2
51653634253932	2
51653634271704	2
51653634287616	2
51653634367680	2
51653634384444	2
51653634371712	2
51653634421596	2
51653634409428	2
51653634471420	2
51653634484524	2
51653634515928	2
51653634473076	2
51653634503556	2
51653634589752	2
51653634609612	2
51653634622656	2
51653634642372	2
51653634611088	2
51653634693072	2
51653634734268	2
51653634747840	2
51653634790572	2
51653634812832	2
51653634817440	2
51653634835620	2
51653634854580	2
51653634870168	2
51653634902352	2
51653634922836	2
51653634960708	2
51653635006668	2
51653635029444	2
51653635034184	2
51653635049652	2
51653635052028	2
51653635073460	2
51653635112184	2
51653635119108	2
51653635136496	2
51653635156344	2
51653635218384	2
51653635241160	2
51653635257132	2
51653635263732	2
51653635281300	2
51653635304772	2
51653635325100	2
51653635337268	2
51653635357656	2
51653635374348	2
51653635424508	2
51653635446732	2
51653635468764	2
51653635479192	2
51653635560528	2
51653635583964	2
51653635606512	2
51653635613196	2
51653635632096	2
51653635654836	2
51653635670784	2
51653635677648	2
51653635695168	2
51653635772808	2
51653635795620	2
51653635821000	2
51653635846020	2
51653635869168	2
51653635923360	2
51653635958868	2
51653635977312	2
51653635980036	2
51653636021412	2
51653636042148	2
51653636061888	2
51653636077440	2
51653636121648	2
51653636138976	2
51653636156016	2
51653636183244	2
51653636202864	2
51653636249976	2
51653636267928	2
51653636283564	2
51653636298768	2
51653636338104	2
51653636371188	2
51653636387184	2
51653636406012	2
51653636503788	2
51653636527824	2
51653636544588	2
51653636548968	2
51653636568672	2
51653636594808	2
51653636611620	2
51653636714904	2
51653636739972	2
51653636746908	2
51653636760816	2
51653636766816	2
51653636796960	2
51653636946600	2
51653636968896	2
51653636984220	2
51653636999052	2
51653637014268	2
51653637080028	2
51653637155784	2
51653637234900	2
51653637256368	2
51653637276192	2
51653637279000	2
51653637506292	2
51653637528396	2
51653637544188	2
51653637711084	2
51653637732060	2
51653637747084	2
51653637971460	2
51653637992892	2
51653638171956	2
51653638192680	2
51653638369644	2
51653638389000	2
51653638566456	2
51653638585680	2
51653638763580	2
51653638783452	2
51653638960500	2
51653638979856	2
51653639157768	2
51653639177040	2
51653639354652	2
51653639373804	2
51653639551656	2
51653639570868	2
51653639748684	2
51653639767836	2
51653639945784	2
51653639964984	2
51653640143052	2
51653640162192	2
51653640340092	2
51653640357000	2
51653640551808	2
51653640575604	2
51653641951680	2
51653641983924	2
51653642165736	2
51653642187060	2
51653642364144	2
51653642383752	2
51653642561508	2
51653642581248	2
51653642758596	2
51653642778108	2
51653642955444	2
51653642974872	2
51653643152520	2
51653643172224	2
51653643349632	2
51653643369216	2
51653643606024	2
51653643644124	2
51653643834216	2
51653643870576	2
51653644058856	2
51653644093956	2
51653644453860	2
51653644676076	2
51653644870452	2
51653645063952	2
51653645257464	2
